
00000000
00000000
00000000
00000000
000000
000000
333366
333366
000000
000000
000000
000000
000000
000000
000000
000000
000000
000000
000000
000000
000044
000000
333366
333366
333366
000000
00000000
00000000
00000000
00000000
00000000
00000000
00000000
00000000
00000000
00000000
000000
666699
000044
000000
000000
000000
000000
000000
000000
000000
000000
000000
000000
000000
000000
000000
000044
000044
000000
000044
333366
666699
000000
00000000
00000000
00000000
00000000
00000000
00000000
00000000
00000000
000000
000000
666699
000044
000000
000000
000000
000000
000000
000000
000000
000000
000000
000000
000000
000000
000000
000044
000044
000044
000044
333366
666699
000000
00000000
00000000
00000000
00000000
00000000
00000000
000044
000000
333366
000000
666699
000044
000000
000000
000000
000000
000000
000000
000000
000000
000000
000000
000000
000000
000000
000044
000044
000044
000044
333366
666699
000000
000000
000000
00000000
00000000
00000000
000000
000000
333366
000044
000000
333366
000044
000000
000000
000000
000000
000000
000000
000000
000000
000000
000000
000000
000000
000000
000044
000044
000044
000044
333366
666699
000000
000000
000000
000000
000000
00000000
000000
000000
000044
000000
000000
333366
000044
000000
000000
000000
000000
000000
000000
000000
000000
000000
000000
000000
000000
000000
000044
000044
000044
000044
333366
333366
000000
000000
000000
000000
000000
000000
000000
000000
000044
000000
000000
000044
000044
000000
000000
000000
000000
000000
000000
000000
000000
000000
000000
000000
000000
000000
000044
000044
000044
000044
333366
333366
000000
000000
000000
000000
000000
000000
000000
333366
000044
000000
000000
000000
000000
000044
000044
000000
000000
000000
000000
000000
000000
000000
000000
000000
000000
000000
000044
000044
000000
000044
333366
000000
000000
000000
000000
000000
000000
000000
333366
000044
333366
000044
000000
000000
000000
000000
000000
000044
000044
000044
000044
000044
000044
000044
000044
000000
000000
000000
000044
000044
000044
000000
000000
000000
000000
000000
000000
000000
000000
000000
00000000
000000
000044
333366
000044
000044
000000
000000
000000
000000
000000
000000
000000
000000
000000
000000
000000
000000
000000
000000
000000
000000
000000
000000
000000
000000
000000
000000
000000
000000
000000
00000000
00000000
00000000
333366
000000
000044
000044
000044
000044
000044
000000
000000
000000
000000
000000
000000
000000
000000
000000
000000
000000
000000
000000
000000
000000
000044
000044
000000
000000
000000
000000
00000000
00000000
00000000
00000000
00000000
00000000
000000
000000
000000
000000
000044
000044
000044
000044
000044
000044
000044
000044
000044
000044
000044
000044
000044
000044
000044
000044
000000
000000
000000
000000
00000000
00000000
00000000
00000000
00000000
00000000
00000000
00000000
330000
663300
330000
000000
000000
000000
000000
000000
000000
000000
000000
000000
000000
000000
000000
000000
000000
000000
000000
000000
000000
111111
111111
00000000
00000000
00000000
00000000
00000000
00000000
00000000
00000000
00000000
330000
996633
663300
996633
663300
000000
000000
000000
000000
000000
000000
000000
000000
000000
000000
000000
000000
000000
111111
111111
000000
000000
000000
00000000
00000000
00000000
00000000
00000000
00000000
00000000
00000000
330000
CC9966
CC9966
FFFFFF
000000
996633
663300
996633
996633
996633
663300
663300
996633
996633
996633
996633
996633
663300
111111
111111
330000
663300
CC9966
663300
330000
00000000
00000000
00000000
00000000
00000000
00000000
00000000
330000
CC9966
FFCC66
FFCC99
FFCC99
996633
FFCC66
CC9966
CC9966
996633
CC9966
FFCC99
CC9966
CC9966
CC9966
996633
CC9999
CC9999
111111
111111
663300
996633
663300
CC9999
330000
00000000
00000000
00000000
00000000
00000000
00000000
00000000
330000
FFCC66
FFFFCC
FFFFCC
FFCC99
FFCC99
FFCC99
FFCC66
CC9966
CC9966
996633
111111
FFFFFF
663300
996633
CC9966
CC9999
CC9999
663300
111111
996633
663300
996633
CC9999
330000
00000000
00000000
00000000
00000000
00000000
00000000
00000000
330000
FFCC99
FFFFCC
FFCC99
FFCC99
FFCC99
FFFFCC
FFCC99
CC9966
CC9966
FFCC99
FFCC66
CC9966
CC9966
996633
CC9966
CC9999
CC9999
996633
111111
CC9966
663300
663300
CC9999
330000
00000000
00000000
00000000
00000000
00000000
00000000
00000000
330000
FFCC99
FFFFCC
FFCC99
FFCC99
CC9966
FFFFCC
FFCC99
CC9966
CC9966
FFCC99
FFCC99
FFCC99
FFCC66
FFCC66
CC9966
CC9966
CC9999
CC9966
444444
996633
663300
CC9999
996633
330000
00000000
00000000
00000000
00000000
00000000
00000000
00000000
330000
FFCC66
FFFFCC
FFCC99
CC9966
FFFFCC
FFCC99
FFCC99
FFCC66
CC9966
FFCC99
FFCC99
FFCC99
FFCC99
FFCC66
CC9966
CC9966
CC9999
CC9966
444444
996633
CC9966
CC9999
330000
00000000
00000000
00000000
00000000
00000000
00000000
00000000
00000000
330000
CC9966
FFFFCC
FFCC99
CC9966
996633
CC9966
FFCC99
CC9966
996633
FFCC99
FFCC99
FFCC99
FFCC99
FFCC66
CC9966
CC9966
CC9999
CC9999
996633
996633
330000
330000
00000000
00000000
00000000
00000000
00000000
00000000
00000000
00000000
00000000
000000
CC9966
FFCC66
FFCC99
FFCC99
111111
111111
996633
996633
663300
CC9966
FFCC99
FFCC99
FFCC99
FFCC99
FFCC66
CC9966
CC9999
CC9999
444444
CC9966
996633
000000
00000000
00000000
00000000
00000000
00000000
00000000
000000
000000
000000
000000
996633
CC9966
FFCC99
111111
996633
CC9966
111111
111111
996633
CC9966
FFCC99
FFCC99
FFCC99
FFCC99
FFCC66
CC9966
CC9999
CC9999
996633
CC9966
663300
CC9999
333366
000000
00000000
00000000
00000000
00000000
000000
000000
000000
000000
330000
CC9966
FFCC66
111111
663300
996633
CC9966
FFCC66
111111
996633
FFCC99
FFCC99
FFCC99
FFCC99
FFCC66
CC9966
CC9999
CC9999
CC9966
996633
000000
888888
000044
000000
000000
00000000
00000000
00000000
000000
000000
000000
000000
000000
663300
CC9966
996633
CC9999
FFCC99
FFCC66
663300
CC9966
111111
CC9966
FFCC99
FFCC99
FFCC99
FFCC66
CC9966
CC9999
CC9999
CC9966
330000
888888
222222
000000
000044
000000
000000
000000
00000000
000000
000000
000000
000000
000000
000000
996633
444444
CC9966
996633
111111
FFCC99
663300
111111
CC9966
FFCC99
FFCC99
FFCC99
FFCC66
CC9966
CC9999
CC9966
663300
663300
BBBBBB
000000
000000
222222
000044
000044
000000
000000
000000
000000
000000
000000
000000
222222
111111
111111
444444
FFCC99
444444
996633
CC9966
996633
CC9966
FFCC66
FFCC66
FFCC66
CC9966
CC9999
CC9966
996633
000000
EEEEEE
222222
000000
000000
222222
000000
000000
000044
000044
000000
000000
000000
000000
222222
000000
000000
111111
111111
444444
111111
FFCC66
CC9966
444444
996633
CC9966
CC9966
CC9966
CC9999
CC9966
996633
663300
EEEEEE
444444
000000
000000
000000
222222
000000
000000
000000
000000
000000
000000
000000
222222
000000
000000
000000
111111
111111
111111
111111
444444
444444
111111
996633
996633
996633
996633
996633
663300
000000
EEEEEE
444444
222222
000000
000000
222222
000000
000000
000000
000000
000000
000000
000000
000000
222222
000000
000000
000000
000000
FFFFFF
111111
111111
111111
111111
111111
000000
000000
000000
000000
000000
DDDDDD
DDDDDD
222222
888888
000000
000000
000000
222222
000000
000000
000000
000000
000000
000000
000000
222222
000000
000000
000000
000000
000000
FFFFFF
FFFFFF
000000
CC9966
000000
000000
EEEEEE
000000
888888
BBBBBB
DDDDDD
000000
222222
BBBBBB
000000
000000
000000
000000
222222
000000
000000
000000
000000
000000
000000
000000
222222
000000
000000
000000
000000
000000
000000
000000
000000
000000
FFFFFF
FFFFFF
EEEEEE
000000
000000
000000
222222
DDDDDD
DDDDDD
000000
000000
000000
000000
222222
000000
000000
000000
000000
000000
000000
